17
3
17
7
13
14
6
20
10
2
5
17
20
9
2
16
15
5
10
8
7
7
9
12
2
2
19
4
11
4
20
15
20
11
6
14
18
14
16
12
10
11
10
2
1
16
10
14
15
5
8
14
2
18
1
19
9
20
8
17
1
17
16
8
11
1
8
15
13
5
4
3
9
12
20
9
19
17
14
5
4
20
20
15
3
16
2
6
15
8
17
10
1
9
4
4
8
2
3
15
11
3
4
17
14
13
2
17
8
3
11
4
18
19
5
8
1
18
17
13
11
9
7
9
13
12
6
20
5
2
3
16
4
11
10
8
4
15
8
5
12
18
13
5
3
4
11
1
13
3
11
4
15
13
8
1
9
9
13
3
9
15
16
6
5
11
12
16
4
11
6
19
18
18
20
17
6
14
3
8
15
14
1
7
6
17
16
14
10
12
7
20
19
4
14
6
2
12
4
14